2 0
5 0
9 1
14 1
20 3
27 2
35 2
44 3
54 5
65 2
77 2
90 9
104 5
119 2
135 6
152 5
170 5
189 6
209 2
230 5
252 15
275 4
299 2
324 12
350 9
377 2
405 8
434 5
464 7
495 10
527 2
560 17
594 13
629 2
665 6
702 13
740 9
779 2
819 10
860 9
902 5
945 14
989 2
1034 5
1080 29
1127 4
1175 4
1224 21
1274 9
1325 4
1377 8
1430 13
1484 9
1539 8
1595 6
1652 9
1710 21
1769 2
1829 2
1890 29
1952 9
2015 6
2079 14
2144 9
2210 13
2277 10
2345 6
2414 5
2484 21
2555 6
2627 2
2700 33
2774 5
2849 6
2925 16
3002 5
3080 29
3159 10
3239 2
3320 13
3402 21
3485 6
3569 2
3654 21
3740 21
3827 2
3915 14
4004 21
4094 5
4185 14
4277 6
4370 13
4464 27
4559 2
4655 10
4752 37
4850 9
4949 4
5049 14
5150 9
5252 9
5355 22
5459 2
5564 9
5670 37
5777 2
5885 6
5994 17
6104 13
6215 6
6327 10
6440 29
6554 5
6669 14
6785 6
6902 13
7020 45
7139 4
7259 6
7380 33
7502 9
7625 6
7749 14
7874 5
8000 25
8127 14
8255 6
8384 11
8514 21
8645 14
8777 2
8910 37
9044 21
9179 2
9315 18
9452 9
9590 13
9729 10
9869 2
10010 29
10152 29
10295 6
10439 6
10584 45
10730 13
10877 2
11025 25
11174 5
11324 9
11475 22
11627 6
11780 21
11934 29
12089 6
12245 6
12402 21
12560 17
12719 6
12879 10
13040 17
13202 13
13365 22
13529 2
13694 5
13860 69
14027 4
14195 6
14364 45
14534 9
14705 6
14877 14
15050 21
15224 13
15399 10
15575 10
15752 13
15930 29
16109 2
16289 6
16470 29
16652 9
16835 14
17019 10
17204 21
17390 13
17577 18
17765 14
17954 5
18144 57
18335 6
18527 2
18720 69
18914 9
19109 2
19305 30
19502 9
19700 15
19899 14
20099 2
20300 33
20502 21
20705 6
20909 6
21114 29
21320 29
21527 6
21735 30
21944 13
22154 13
22365 22
22577 2
22790 13
23004 27
23219 6
23435 6
23652 27
23870 29
24089 6
24309 10
24530 13
24752 37
24975 22
25199 2
25424 17
25650 45
25877 2
26105 6
26334 45
26564 9
26795 6
27027 30
27260 21
27494 5
27729 14
27965 14
28202 5
28440 45
28679 6
28919 4
29160 53
29402 5
29645 16
29889 12
30134 13
30380 33
30627 10
30875 14
31124 9
31374 29
31625 14
31877 2
32130 61
32384 29
32639 2
32895 22
33152 29
33410 13
33669 14
33929 6
34190 13
34452 45
34715 6
34979 6
35244 33
35510 13
35777 6
36045 18
36314 5
36584 13
36855 38
37127 2
37400 45
37674 45
37949 2
38225 10
38502 29
38780 21
39059 2
39339 14
39620 21
39902 5
40185 22
40469 6
40754 13
41040 77
41327 10
41615 14
41904 37
42194 9
42485 6
42777 16
43070 13
43364 9
43659 28
43955 6
44252 21
44550 57
44849 6
45149 6
45450 33
45752 29
46055 6
46359 14
46664 13
46970 29
47277 14
47585 6
47894 13
48204 33
48515 6
48827 2
49140 93
49454 5
49769 2
50085 30
50402 13
50720 21
51039 10
51359 14
51680 45
52002 21
52325 22
52649 6
52974 21
53300 33
53627 6
53955 22
54284 9
54614 13
54945 30
55277 2
55610 13
55944 61
56279 2
56615 10
56952 45
57290 13
57629 10
57969 14
58310 29
58652 21
58995 30
59339 6
59684 9
60030 45
60377 2
60725 10
61074 37
61424 17
61775 10
62127 18
62480 37
62834 5
63189 22
63545 6
63902 5
64260 93
64619 4
64979 2
65340 69
65702 21
66065 6
66429 16
66794 13
67160 29
67527 14
67895 6
68264 29
68634 29
69005 6
69377 14
69750 45
70124 9
70499 14
70875 38
71252 9
71630 29
72009 18
72389 2
72770 13
73152 39
73535 14
73919 2
74304 53
74690 29
75077 2
75465 30
75854 13
76244 15
76635 22
77027 6
77420 33
77814 29
78209 2
78605 6
79002 61
79400 21
79799 2
80199 22
80600 45
81002 5
81405 22
81809 14
82214 13
82620 69
83027 6
83435 14
83844 33
84254 5
84665 14
85077 14
85490 13
85904 37
86319 14
86735 14
87152 17
87570 45
87989 6
88409 2
88830 61
89252 9
89675 10
90099 14
90524 21
90950 21
91377 22
91805 14
92234 5
92664 77
93095 6
93527 6
93960 77
94394 5
94829 14
95265 22
95702 5
96140 45
96579 22
97019 6
97460 21
97902 45
98345 14
98789 2
99234 21
99680 45
100127 2
100575 22
101024 45
101474 5
101925 22
102377 6
102830 29
103284 33
103739 2
104195 14
104652 57
105110 13
105569 2
106029 38
106490 13
106952 13
107415 46
107879 2
108344 13
108810 61
109277 6
109745 6
110214 29
110684 21
111155 14
111627 10
112100 33
112574 29
113049 14
113525 10
114002 13
114480 77
114959 6
115439 2
115920 117
116402 21
116885 6
117369 26
117854 9
118340 21
118827 12
119315 10
119804 9
120294 21
120785 22
121277 6
121770 61
122264 29
122759 14
123255 30
123752 13
124250 29
124749 10
125249 2
125750 13
126252 45
126755 6
127259 6
127764 69
128270 13
128777 6
129285 34
129794 13
130304 15
130815 38
131327 6
131840 33
132354 37
132869 6
133385 14
133902 21
134420 45
134939 6
135459 14
135980 21
136502 5
137025 46
137549 2
138074 13
138600 141
139127 4
139655 14
140184 61
140714 21
141245 14
141777 14
142310 29
142844 21
143379 10
143915 6
144452 33
144990 37
145529 2
146069 10
146610 37
147152 17
147695 6
148239 22
148784 17
149330 13
149877 30
150425 10
150974 13
151524 45
152075 22
152627 6
153180 69
153734 13
154289 2
154845 30
155402 13
155960 29
156519 30
157079 6
157640 29
158202 45
158765 6
159329 2
159894 45
160460 21
161027 2
161595 46
162164 9
162734 13
163305 22
163877 6
164450 45
165024 45
165599 6
166175 16
166752 45
167330 13
167909 10
168489 10
169070 29
169652 21
170235 30
170819 6
171404 9
171990 93
172577 6
173165 6
173754 33
174344 29
174935 6
175527 18
176120 61
176714 5
177309 18
177905 30
178502 5
179100 51
179699 6
180299 6
180900 69
181502 5
182105 22
182709 14
183314 5
183920 57
184527 22
185135 6
185744 37
186354 61
186965 6
187577 6
188190 61
188804 21
189419 2
190035 22
190652 21
191270 13
191889 18
192509 2
193130 29
193752 77
194375 8
194999 6
195624 93
196250 17
196877 6
197505 62
198134 5
198764 21
199395 30
200027 2
200660 21
201294 21
201929 10
202565 14
203202 29
203840 81
204479 6
205119 14
205760 25
206402 13
207045 22
207689 6
208334 13
208980 69
209627 14
210275 10
210924 69
211574 13
212225 10
212877 22
213530 13
214184 13
214839 14
215495 14
216152 13
216810 61
217469 6
218129 2
218790 93
219452 9
220115 14
220779 30
221444 21
222110 29
222777 14
223445 14
224114 13
224784 57
225455 6
226127 6
226800 147
227474 9
228149 2
228825 28
229502 21
230180 21
230859 10
231539 14
232220 21
232902 29
233585 14
234269 6
234954 29
235640 29
236327 14
237015 22
237704 13
238394 13
239085 62
239777 2
240470 13
241164 93
241859 6
242555 6
243252 33
243950 45
244649 2
245349 18
246050 45
246752 21
247455 38
248159 6
248864 45
249570 45
250277 2
250985 14
251694 29
252404 9
253115 14
253827 30
254540 45
255254 13
255969 22
256685 14
257402 5
258120 61
258839 6
259559 4
260280 61
261002 13
261725 16
262449 16
263174 5
263900 69
264627 22
265355 6
266084 45
266814 29
267545 6
268277 6
269010 69
269744 17
270479 6
271215 46
271952 17
272690 29
273429 30
274169 6
274910 13
275652 69
276395 14
277139 2
277884 45
278630 29
279377 6
280125 30
280874 13
281624 29
282375 22
283127 6
283880 29
284634 37
285389 6
286145 6
286902 77
287660 21
288419 2
289179 22
289940 45
290702 5
291465 30
292229 6
292994 13
293760 125
294527 2
295295 30
296064 45
296834 5
297605 14
298377 14
299150 21
299924 9
300699 30
301475 10
302252 21
303030 93
303809 6
304589 14
305370 77
306152 45
306935 14
307719 18
308504 21
309290 13
310077 10
310865 6
311654 13
312444 45
313235 14
314027 6
314820 93
315614 13
316409 2
317205 46
318002 13
318800 27
319599 30
320399 6
321200 57
322002 29
322805 14
323609 14
324414 21
325220 45
326027 6
326835 22
327644 9
328454 13
329265 22
330077 6
330890 29
331704 45
332519 14
333335 6
334152 125
334970 29
335789 2
336609 30
337430 13
338252 9
339075 34
339899 6
340724 9
341550 93
342377 6
343205 6
344034 29
344864 21
345695 22
346527 10
347360 45
348194 45
349029 18
349865 6
350702 13
351540 117
352379 4
353219 2
354060 69
354902 9
355745 10
356589 14
357434 21
358280 45
359127 14
359975 34
360824 29
361674 21
362525 10
363377 14
364230 61
365084 9
365939 6
366795 62
367652 9
368510 13
369369 46
370229 2
371090 13
371952 97
372815 6
373679 2
374544 72
375410 29
376277 6
377145 34
378014 29
378884 21
379755 30
380627 14
381500 45
382374 29
383249 6
384125 14
385002 21
385880 29
386759 2
387639 22
388520 29
389402 13
390285 46
391169 2
392054 13
392940 69
393827 6
394715 6
395604 69
396494 13
397385 14
398277 22
399170 13
400064 53
400959 22
401855 6
402752 53
403650 93
404549 6
405449 14
406350 93
407252 21
408155 14
409059 22
409964 9
410870 13
411777 14
412685 14
413594 5
414504 61
415415 30
416327 2
417240 93
418154 13
419069 6
419985 38
420902 5
421820 45
422739 18
423659 2
424580 45
425502 45
426425 10
427349 6
428274 61
429200 57
430127 2
431055 30
431984 57
432914 5
433845 22
434777 10
435710 29
436644 45
437579 2
438515 30
439452 45
440390 13
441329 6
442269 10
443210 29
444152 13
445095 38
446039 14
446984 13
447930 77
448877 14
449825 10
450774 21
451724 45
452675 10
453627 14
454580 45
455534 5
456489 30
457445 6
458402 13
459360 141
460319 4
461279 14
462240 93
463202 9
464165 14
465129 30
466094 5
467060 33
468027 46
468995 6
469964 15
470934 53
471905 14
472877 2
473850 81
474824 29
475799 2
476775 34
477752 29
478730 21
479709 14
480689 6
481670 21
482652 45
483635 6
484619 6
485604 69
486590 29
487577 14
488565 62
489554 13
490544 37
491535 30
492527 6
493520 37
494514 21
495509 6
496505 6
497502 37
498500 21
499499 14
500499 18
501500 45
502502 29
503505 22
504509 6
505514 13
506520 125
507527 2
508535 14
509544 61
510554 13
511565 6
512577 16
513590 61
514604 9
515619 22
516635 14
517652 9
518670 61
519689 2
520709 6
521730 93
522752 17
523775 22
524799 38
525824 37
526850 21
527877 38
528905 14
529934 5
530964 69
531995 6
533027 6
534060 93
535094 13
536129 14
537165 30
538202 13
539240 61
540279 10
541319 2
542360 61
543402 29
544445 14
545489 6
546534 29
547580 45
548627 2
549675 34
550724 9
551774 5
552825 70
553877 6
554930 13
555984 117
557039 14
558095 10
559152 57
560210 29
561269 4
562329 14
563390 13
564452 21
565515 30
566579 6
567644 45
568710 45
569777 6
570845 14
571914 61
572984 13
574055 14
575127 30
576200 45
577274 13
578349 10
579425 34
580502 13
581580 57
582659 22
583739 6
584820 87
585902 13
586985 14
588069 16
589154 5
590240 93
591327 22
592415 6
593504 21
594594 93
595685 6
596777 2
597870 93
598964 9
600059 2
601155 30
602252 21
603350 21
604449 14
605549 14
606650 21
607752 45
608855 30
609959 6
611064 77
612170 29
613277 6
614385 38
615494 13
616604 9
617715 46
618827 6
619940 21
621054 61
622169 2
623285 14
624402 29
625520 37
626639 14
627759 22
628880 37
630002 13
631125 62
632249 2
633374 21
634500 93
635627 2
636755 22
637884 69
639014 5
640145 14
641277 46
642410 13
643544 29
644679 22
645815 6
646952 29
648090 45
649229 6
650369 6
651510 61
652652 45
653795 6
654939 14
656084 45
657230 29
658377 10
659525 22
660674 13
661824 53
662975 10
664127 2
665280 221
666434 9
667589 6
668745 46
669902 21
671060 45
672219 18
673379 14
674540 21
675702 37
676865 14
678029 6
679194 21
680360 29
681527 14
682695 30
683864 13
685034 13
686205 62
687377 2
688550 21
689724 105
690899 6
692075 22
693252 69
694430 29
695609 6
696789 14
697970 45
699152 17
700335 22
701519 10
702704 17
703890 77
705077 6
706265 14
707454 37
708644 21
709835 14
711027 10
712220 21
713414 13
714609 30
715805 6
717002 29
718200 189
719399 2
720599 6
721800 69
723002 13
724205 6
725409 14
726614 29
727820 21
729027 30
730235 22
731444 21
732654 45
733865 10
735077 6
736290 53
737504 21
738719 2
739935 54
741152 45
742370 13
743589 46
744809 14
746030 13
747252 93
748475 34
749699 2
750924 45
752150 33
753377 2
754605 22
755834 5
757064 29
758295 30
759527 2
760760 125
761994 29
763229 2
764465 14
765702 45
766940 21
768179 6
769419 38
770660 45
771902 13
773145 38
774389 14
775634 13
776880 117
778127 6
779375 18
780624 77
781874 5
783125 18
784377 30
785630 13
786884 21
788139 22
789395 14
790652 9
791910 61
793169 14
794429 2
795690 61
796952 29
798215 14
799479 10
800744 29
802010 29
803277 18
804545 14
805814 13
807084 57
808355 14
809627 22
810900 105
812174 29
813449 10
814725 46
816002 13
817280 29
818559 30
819839 2
821120 29
822402 45
823685 6
824969 2
826254 61
827540 45
828827 2
830115 62
831404 21
832694 13
833985 22
835277 2
836570 61
837864 45
839159 2
840455 30
841752 45
843050 21
844349 6
845649 22
846950 21
848252 9
849555 62
850859 2
852164 9
853470 61
854777 14
856085 6
857394 45
858704 77
860015 14
861327 30
862640 37
863954 29
865269 14
866585 6
867902 13
869220 69
870539 2
871859 2
873180 177
874502 5
875825 10
877149 58
878474 5
879800 45
881127 22
882455 14
883784 29
885114 29
886445 30
887777 14
889110 61
890444 21
891779 14
893115 22
894452 21
895790 29
897129 14
898469 14
899810 29
901152 93
902495 14
903839 6
905184 69
906530 13
907877 6
909225 28
910574 13
911924 33
913275 58
914627 6
915980 33
917334 45
918689 6
920045 14
921402 29
922760 61
924119 6
925479 14
926840 61
928202 13
929565 46
930929 6
932294 13
933660 189
935027 4
936395 6
937764 45
939134 21
940505 6
941877 10
943250 61
944624 17
945999 22
947375 30
948752 37
950130 93
951509 6
952889 6
954270 45
955652 9
957035 6
958419 30
959804 21
961190 13
962577 30
963965 14
965354 13
966744 45
968135 14
969527 14
970920 125
972314 13
973709 14
975105 30
976502 5
977900 69
979299 10
980699 2
982100 69
983502 37
984905 6
986309 14
987714 77
989120 53
990527 6
991935 46
993344 53
994754 5
996165 30
997577 14
998990 13
1000404 45
1001819 14
1003235 6
1004652 69
1006070 29
1007489 10
1008909 30
1010330 13
1011752 45
1013175 46
1014599 6
1016024 13
1017450 141
1018877 6
1020305 14
1021734 77
1023164 9
1024595 14
1026027 18
1027460 45
1028894 5
1030329 10
1031765 14
1033202 5
1034640 77
1036079 6
1037519 6
1038960 157
1040402 21
1041845 22
1043289 22
1044734 9
1046180 33
1047627 30
1049075 10
1050524 9
1051974 93
1053425 10
1054877 2
1056330 69
1057784 29
1059239 6
1060695 30
1062152 29
1063610 29
1065069 14
1066529 6
1067990 61
1069452 33
1070915 14
1072379 14
1073844 45
1075310 13
1076777 6
1078245 46
1079714 5
1081184 45
1082655 34
1084127 6
1085600 69
1087074 29
1088549 14
1090025 10
1091502 61
1092980 45
1094459 2
1095939 46
1097420 21
1098902 13
1100385 78
1101869 2
1103354 13
1104840 157
1106327 2
1107815 6
1109304 93
1110794 5
1112285 6
1113777 30
1115270 29
1116764 21
1118259 14
1119755 30
1121252 21
1122750 45
1124249 14
1125749 2
1127250 61
1128752 37
1130255 14
1131759 14
1133264 37
1134770 61
1136277 10
1137785 14
1139294 13
1140804 57
1142315 14
1143827 2
1145340 117
1146854 13
1148369 6
1149885 46
1151402 21
1152920 61
1154439 46
1155959 10
1157480 29
1159002 45
1160525 10
1162049 6
1163574 21
1165100 33
1166627 14
1168155 30
1169684 9
1171214 13
1172745 62
1174277 6
1175810 13
1177344 105
1178879 14
1180415 6
1181952 105
1183490 61
1185029 6
1186569 22
1188110 29
1189652 21
1191195 22
1192739 2
1194284 45
1195830 61
1197377 2
1198925 46
1200474 61
1202024 13
1203575 10
1205127 46
1206680 29
1208234 5
1209789 30
1211345 14
1212902 5
1214460 93
1216019 14
1217579 6
1219140 69
1220702 29
1222265 14
1223829 18
1225394 13
1226960 57
1228527 18
1230095 6
1231664 27
1233234 21
1234805 22
1236377 2
1237950 93
1239524 33
1241099 6
1242675 46
1244252 9
1245830 29
1247409 22
1248989 6
1250570 13
1252152 125
1253735 14
1255319 6
1256904 93
1258490 13
1260077 14
1261665 34
1263254 13
1264844 21
1266435 38
1268027 6
1269620 45
1271214 77
1272809 2
1274405 30
1276002 93
1277600 33
1279199 6
1280799 30
1282400 69
1284002 5
1285605 30
1287209 14
1288814 5
1290420 69
1292027 6
1293635 14
1295244 45
1296854 13
1298465 14
1300077 14
1301690 61
1303304 13
1304919 34
1306535 14
1308152 13
1309770 141
1311389 2
1313009 2
1314630 45
1316252 21
1317875 14
1319499 10
1321124 21
1322750 61
1324377 14
1326005 6
1327634 29
1329264 77
1330895 14
1332527 14
1334160 117
1335794 13
1337429 6
1339065 62
1340702 13
1342340 21
1343979 30
1345619 6
1347260 45
1348902 21
1350545 14
1352189 6
1353834 37
1355480 61
1357127 6
1358775 58
1360424 29
1362074 29
1363725 70
1365377 6
1367030 29
1368684 93
1370339 2
1371995 6
1373652 93
1375310 13
1376969 6
1378629 22
1380290 13
1381952 53
1383615 30
1385279 10
1386944 25
1388610 61
1390277 10
1391945 6
1393614 21
1395284 21
1396955 14
1398627 18
1400300 69
1401974 13
1403649 38
1405325 10
1407002 13
1408680 189
1410359 4
1412039 10
1413720 253
1415402 9
1417085 10
1418769 30
1420454 13
1422140 21
1423827 10
1425515 22
1427204 21
1428894 29
1430585 10
1432277 22
1433970 61
1435664 17
1437359 10
1439055 22
1440752 17
1442450 21
1444149 26
1445849 6
1447550 45
1449252 81
1450955 30
1452659 6
1454364 33
1456070 61
1457777 2
1459485 30
1461194 29
1462904 13
1464615 30
1466327 6
1468040 61
1469754 45
1471469 6
1473185 14
1474902 61
1476620 45
1478339 2
1480059 30
1481780 21
1483502 5
1485225 70
1486949 2
1488674 13
1490400 177
1492127 14
1493855 14
1495584 57
1497314 29
1499045 6
1500777 16
1502510 13
1504244 21
1505979 22
1507715 14
1509452 45
1511190 61
1512929 6
1514669 14
1516410 93
1518152 13
1519895 14
1521639 30
1523384 13
1525130 29
1526877 30
1528625 14
1530374 29
1532124 69
1533875 14
1535627 6
1537380 117
1539134 5
1540889 6
1542645 38
1544402 5
1546160 77
1547919 10
1549679 2
1551440 77
1553202 45
1554965 6
1556729 6
1558494 93
1560260 45
1562027 6
1563795 46
1565564 93
1567334 13
1569105 30
1570877 14
1572650 21
1574424 61
1576199 2
1577975 22
1579752 45
1581530 13
1583309 14
1585089 22
1586870 13
1588652 21
1590435 94
1592219 6
1594004 9
1595790 93
1597577 6
1599365 6
1601154 29
1602944 29
1604735 14
1606527 30
1608320 61
1610114 13
1611909 22
1613705 14
1615502 13
1617300 69
1619099 6
1620899 14
1622700 69
1624502 13
1626305 22
1628109 22
1629914 29
1631720 45
1633527 38
1635335 14
1637144 13
1638954 37
1640765 22
1642577 2
1644390 69
1646204 33
1648019 6
1649835 46
1651652 21
1653470 61
1655289 14
1657109 6
1658930 29
1660752 57
1662575 10
1664399 6
1666224 157
1668050 21
1669877 14
1671705 62
1673534 5
1675364 21
1677195 46
1679027 6
1680860 21
1682694 77
1684529 14
1686365 6
1688202 37
1690040 61
1691879 6
1693719 10
1695560 61
1697402 13
1699245 30
1701089 14
1702934 5
1704780 189
1706627 10
1708475 10
1710324 69
1712174 9
1714025 22
1715877 14
1717730 29
1719584 45
1721439 14
1723295 14
1725152 69
1727010 45
1728869 2
1730729 34
1732590 93
1734452 9
1736315 22
1738179 22
1740044 9
1741910 13
1743777 22
1745645 14
1747514 5
1749384 125
1751255 14
1753127 2
1755000 157
1756874 13
1758749 2
1760625 28
1762502 13
1764380 21
1766259 30
1768139 2
1770020 45
1771902 61
1773785 14
1775669 14
1777554 45
1779440 77
1781327 6
1783215 78
1785104 37
1786994 13
1788885 38
1790777 6
1792670 29
1794564 33
1796459 6
1798355 14
1800252 45
1802150 45
1804049 6
1805949 14
1807850 45
1809752 29
1811655 22
1813559 6
1815464 29
1817370 61
1819277 6
1821185 6
1823094 93
1825004 21
1826915 6
1828827 70
1830740 21
1832654 5
1834569 38
1836485 14
1838402 13
1840320 137
1842239 14
1844159 10
1846080 81
1848002 29
1849925 34
1851849 14
1853774 29
1855700 69
1857627 14
1859555 14
1861484 9
1863414 45
1865345 6
1867277 2
1869210 125
1871144 21
1873079 6
1875015 62
1876952 45
1878890 29
1880829 22
1882769 6
1884710 29
1886652 39
1888595 6
1890539 14
1892484 81
1894430 13
1896377 6
1898325 70
1900274 5
1902224 17
1904175 94
1906127 2
1908080 77
1910034 61
1911989 6
1913945 30
1915902 21
1917860 69
1919819 14
1921779 14
1923740 69
1925702 13
1927665 30
1929629 6
1931594 13
1933560 93
1935527 6
1937495 14
1939464 77
1941434 29
1943405 6
1945377 38
1947350 45
1949324 21
1951299 22
1953275 22
1955252 21
1957230 61
1959209 14
1961189 2
1963170 61
1965152 45
1967135 6
1969119 10
1971104 21
1973090 29
1975077 30
1977065 6
1979054 29
1981044 93
1983035 6
1985027 6
1987020 141
1989014 5
1991009 2
1993005 78
1995002 5
1997000 29
1998999 38
2000999 14
2003000 29
2005002 45
2007005 30
2009009 6
2011014 29
2013020 21
2015027 22
2017035 30
2019044 9
2021054 21
2023065 46
2025077 6
2027090 29
2029104 157
2031119 6
2033135 14
2035152 77
2037170 13
2039189 6
2041209 10
2043230 45
2045252 45
2047275 34
2049299 10
2051324 21
2053350 105
2055377 2
2057405 14
2059434 33
2061464 13
2063495 30
2065527 14
2067560 61
2069594 13
2071629 30
2073665 14
2075702 5
2077740 141
2079779 6
2081819 2
2083860 93
2085902 29
2087945 6
2089989 30
2092034 29
2094080 41
2096127 22
2098175 22
2100224 41
2102274 37
2104325 10
2106377 14
2108430 77
2110484 9
2112539 22
2114595 46
2116652 21
2118710 45
2120769 30
2122829 6
2124890 13
2126952 61
2129015 14
2131079 2
2133144 93
2135210 61
2137277 2
2139345 62
2141414 29
2143484 21
2145555 30
2147627 14
2149700 69
2151774 21
2153849 14
2155925 10
2158002 77
2160080 77
2162159 2
2164239 38
2166320 37
2168402 5
2170485 22
2172569 6
2174654 5
2176740 93
2178827 6
2180915 14
2183004 93
2185094 5
2187185 62
2189277 22
2191370 13
2193464 61
2195559 14
2197655 6
2199752 13
2201850 93
2203949 6
2206049
